1000
4657
9254
5166
4088
8097
2640
6287
2880
8752
5364
4397
7365
8526
4119
4872
8782
5642
7890
7417
1514
3775
3508
7987
2413
6980
5348
8997
3207
4098
5551
8327
7623
5989
2996
1886
9609
7109
2224
8474
854
2799
1496
7989
3351
798
6439
6265
1807
6738
2033
3051
6830
5173
1015
2837
7382
4371
3403
5515
5631
5767
7325
9342
7676
3584
5747
1277
9788
8813
8082
7973
9637
2609
4122
4559
1064
1494
7891
8129
8261
3469
6248
8224
1449
9762
1005
3013
6572
4938
93
4338
9862
3487
2757
8735
2614
7089
5652
1952
252
5632
9832
2145
7627
7964
7557
8092
3929
827
8174
2133
6472
7185
5634
1140
2671
7031
3814
1880
6800
9413
3619
189
569
2710
9892
4445
1727
2020
4607
20
6351
5308
4079
3407
276
7066
4121
6792
9802
231
2400
6171
6815
160
7026
3169
6679
5500
4359
5266
9603
1309
5322
3907
9054
7405
102
5385
6228
5889
2655
7468
5541
7711
8781
9398
8615
9890
412
6616
472
8784
9441
1351
2963
2490
6726
1791
351
5124
5179
735
3177
6254
6879
569
9158
8547
5071
6740
8840
6567
1088
3377
2829
29
703
6966
332
9837
5511
2266
1923
722
6765
6378
1089
8115
5169
1203
6066
9246
7983
7501
5165
3527
5544
2167
3187
7298
7895
5511
9887
7041
1325
5473
9470
5122
1688
9129
367
3684
872
6716
3333
5628
2084
9225
5054
5544
1534
5198
1162
264
4283
5261
7929
3375
3399
5745
6910
4461
7084
3973
1280
4394
1704
5973
926
2999
7399
1703
5597
4530
7414
6125
274
3708
3424
4876
5484
6852
1508
6005
6485
7697
2260
4650
5647
7899
811
4358
5795
3020
6858
5063
2958
5690
7700
7012
651
8289
2869
9973
7475
2135
8117
1206
0
9345
7642
6993
3616
9593
8794
9215
8392
7045
1323
5396
8923
4478
1729
5697
32
3015
6923
2593
4356
6110
5330
1942
3869
512
5048
7894
6761
7862
54
1275
831
324
7380
417
3409
8521
2016
3489
6824
1929
62
5508
5954
7786
6465
9317
6611
2903
512
8795
3312
7083
31
3835
6294
5219
2861
3611
4377
383
8452
2598
3172
473
9481
3905
4372
6080
66
4032
119
1859
6116
3882
5284
4353
7549
704
4842
779
2835
5330
3679
7384
1430
7616
9193
9805
2724
9239
8586
7998
697
7769
3267
5889
2872
5261
6992
8686
8889
9473
4782
9664
3397
6149
6868
6592
8216
1056
7337
4964
5247
9798
7151
2305
2821
5744
6982
3021
4942
106
3562
3137
6201
4800
6254
9783
1132
7684
8467
6243
9275
2219
1702
5413
3267
1535
7913
8201
6241
7709
2068
1074
3267
7873
6487
262
1432
2202
4234
9975
636
8505
7139
5137
1960
5901
5832
8442
2911
2661
9322
7483
574
6868
432
6650
6283
3202
3300
3728
6811
8285
618
8612
210
4709
2914
9399
5923
4552
1261
79
503
346
9245
8388
7584
4164
6130
3964
6990
9056
5221
3737
4894
995
5257
648
6607
6762
190
9535
465
9329
2041
5040
6467
6381
737
8912
3013
2378
9960
1713
2146
2711
4613
9590
6813
3603
4435
8565
4953
7105
933
7594
7165
9136
915
4594
1003
8847
5548
3335
3502
24
1049
6466
2254
6852
3662
3041
928
6433
5386
148
9177
4852
2737
2773
2550
5881
6998
3917
6287
478
8547
2999
8886
1621
9258
6771
316
3353
1438
1175
1059
7009
9833
1870
5784
25
8967
5885
58
5218
6933
4367
2510
331
395
1084
4712
6855
5559
6067
2317
2061
318
2848
8759
5321
760
6478
9562
4646
6324
3095
1956
762
7100
7851
9802
11
4270
728
6937
8021
5267
5246
2073
5976
1610
4060
3024
4859
5415
9545
3308
3242
2041
2687
7328
5922
9251
2317
884
7257
1516
2473
9395
1495
5224
7767
519
5833
3754
7947
5256
581
6417
7692
3407
9731
6496
1246
5428
9629
5178
2156
7121
7923
9122
2335
9241
1814
2026
473
2908
4679
6707
1848
12
2774
9434
5419
2317
4606
4619
2353
211
8722
9969
4013
3331
3142
478
6806
1871
5562
658
2045
6580
7502
3294
3876
9154
8543
6189
3496
6479
7101
4083
6977
5003
1943
646
5920
7042
64
5481
5842
1099
6979
2261
4010
6298
9260
296
8528
1882
2976
875
2461
2609
8609
8609
3295
1393
7706
6520
5407
3586
6274
6489
1929
166
4118
3884
4403
7995
2988
9912
7931
7384
8215
2001
1785
5144
5123
1035
3708
7022
8852
6741
4268
5482
7942
1157
2841
9087
9253
9630
9145
7212
8380
2087
7213
5437
9158
6968
635
5012
7686
8125
1959
1329
8548
8063
3449
4479
1348
7179
6525
4436
9301
7383
4299
6449
4911
8522
3660
1980
5226
7387
369
6149
7415
2945
4449
4408
6928
1813
8138
4214
3266
8795
9633
2016
7276
3553
9780
1700
5321
3587
7042
3075
9230
3947
3894
9846
4821
406
6645
8788
6256
8792
3926
9372
1048
42
537
2182
2114
7389
639
7303
7577
5233
2536
1930
5442
8537
1069
8147
7228
873
9249
6732
54
316
6050
7161
5672
3979
5919
330
2700
5217
1117
7562
5315
578
3927
9799
9961
4633
4161
179
9398
3047
5669
847
7678
582
4205
1909
641
1253
4798
349
1691
5722
7442
3293
7072
1732
1988
164
3009
8585
4863
8328
1999
2129
6377
2282
1442
6707
8691
2056
3411
5964
8389
4184
5578
52
4856
3366
4745
4451
8413
8155
7021
5434
295
9135
6898
5342
9039
3983
9708
4443
653
3089
3248
6388
4399
7782
1624
6523
5943
8407
664
8869
7351
7489
8775
435
7060
4667
4689
6343
5150
1745
2407
1926
6129
4101
4311
389
964
582
9326
73
5371
67
7421
5699
7172
2702
2040
2793
4078
3667
9389
3748
7834
1308
523
2838
3244
9902
7390
3177
7727
6242
2275
6674
4305
3198
6601
5780
1429
7553
286
5844
6554
6821
7020
6958
6285
441
6753
1116
2458
9130
7756
4409
6304
2446
5314
7057
3582
3665
7039
5107